# Tuned parameters — copy values manually into engine-core source files
# Generated by engine-tuner Texel tuning pipeline
# Final K = 1.396876

## MATERIAL (MG, EG)
Pawn     MG=100  EG=89
Knight   MG=391  EG=287
Bishop   MG=428  EG=311
Rook     MG=558  EG=555
Queen    MG=1200  EG=1040
King     MG=0  EG=0

## PST TABLES
### PAWN MG PST
        0,    0,    0,    0,    0,    0,    0,    0,
       35,   78,   21,   63,   32,  -44,  -48, -119,
        5,    4,   28,   27,   78,   85,   29,   -4,
      -17,    0,    3,   21,   23,   17,    7,  -22,
      -29,  -26,   -4,    7,   14,   10,   -9,  -31,
      -27,  -23,   -8,  -12,    3,    1,   14,  -15,
      -35,  -18,  -27,  -16,  -12,   22,   22,  -26,
        0,    0,    0,    0,    0,    0,    0,    0,
### PAWN EG PST
        0,    0,    0,    0,    0,    0,    0,    0,
      134,  114,   94,   61,   77,   88,  119,  159,
       52,   46,   18,  -18,  -36,  -14,   20,   32,
       32,   18,    5,  -16,  -10,   -4,   10,   15,
       18,   13,   -3,  -10,   -9,   -9,    0,    2,
        7,    6,   -4,   -1,   -1,   -4,  -11,   -8,
       14,    4,   11,   -1,   10,   -3,  -10,  -10,
        0,    0,    0,    0,    0,    0,    0,    0,
### KNIGHT MG PST
     -167,  -80,  -43,  -46,   93, -106,  -11, -108,
      -55,  -18,   65,   52,   -3,   77,   18,   -2,
      -60,   44,   22,   38,   76,   86,   58,   13,
      -11,   11,    7,   41,   19,   51,    9,   15,
       -8,   14,   14,   14,   19,   13,   18,   -8,
       16,   31,   50,   54,   70,   61,   67,   27,
       15,   -1,   33,   55,   56,   61,   40,   35,
      -82,   28,    4,   22,   48,   27,   32,   26,
### KNIGHT EG PST
      -18,   -9,   23,    3,  -15,    1,  -41,  -67,
        4,   26,    4,   26,   25,   -9,    3,  -27,
      -25,  -23,    6,    2,  -20,  -19,  -31,  -49,
      -16,    2,   22,   17,   19,    6,    6,  -23,
      -19,   -9,   14,   23,   14,   16,    5,  -23,
        4,   25,   22,   38,   32,   16,    3,    5,
       -9,    7,   19,   16,   18,    6,    5,  -23,
       17,  -22,    4,   16,    2,    7,  -26,  -45,
### BISHOP MG PST
       -3,   -6, -126,  -76,  -50,  -52,  -20,    8,
      -13,   30,  -10,  -42,   37,    9,   28,  -53,
       -9,   47,   31,   33,   17,   55,   25,   -1,
       17,   34,   27,   62,   47,   37,   29,   16,
       29,   36,   35,   51,   60,   21,   36,   36,
       32,   49,   50,   44,   45,   71,   48,   46,
       45,   60,   49,   42,   56,   61,   84,   43,
        4,   42,   35,   33,   40,   37,   -4,   21,
### BISHOP EG PST
        6,    9,   32,   26,   28,   22,   18,   -3,
       21,   16,   30,   22,   15,   25,   14,   16,
       30,   14,   22,   17,   16,   15,   26,   28,
       20,   26,   29,   22,   23,   25,   17,   25,
       15,   19,   30,   30,   17,   27,   14,   13,
       14,   19,   26,   27,   32,   12,   18,    9,
       12,    0,   14,   16,   16,   11,    0,   -7,
       10,   17,    9,   18,   15,   14,   24,    9,
### ROOK MG PST
        3,   24,  -13,   32,   20,  -25,    3,  -10,
       12,   11,   52,   69,   81,   78,  -25,   25,
      -10,    9,    4,   18,  -14,   41,   80,   -2,
      -23,  -16,   11,   18,   12,   42,   -5,  -24,
      -25,  -13,   -6,    4,   15,    6,   26,  -14,
      -25,   -8,    1,   -2,   14,   25,   17,   -6,
      -18,   -1,   -2,   14,   25,   36,   22,  -37,
       14,   16,   24,   34,   40,   43,    2,   20,
### ROOK EG PST
       45,   37,   49,   35,   40,   51,   45,   47,
       12,   14,    2,   -5,  -18,   -7,   23,    8,
       44,   43,   41,   37,   39,   27,   19,   35,
       46,   43,   46,   32,   36,   30,   36,   47,
       43,   42,   42,   33,   26,   27,   20,   32,
       33,   34,   24,   28,   18,   14,   19,   17,
       28,   24,   28,   28,   15,   13,   10,   30,
       23,   23,   24,   18,   12,    9,   22,    3,
### QUEEN MG PST
        7,   -3,  -18,   -7,  126,  115,  120,   49,
        8,  -14,   19,   23,  -38,   70,   33,   76,
       26,   15,   22,   12,   28,  102,   68,   85,
        0,   14,    8,   11,   29,   34,   32,   26,
       41,    0,   36,   29,   35,   36,   32,   35,
       25,   56,   41,   51,   46,   48,   54,   47,
       21,   48,   66,   67,   77,   80,   58,   68,
       58,   56,   66,   75,   60,   49,   43,   -7,
### QUEEN EG PST
       34,   86,  110,   96,   33,   37,   13,   92,
       34,   66,   78,   93,  145,   59,   66,   56,
       31,   63,   52,  110,  105,   68,   74,   60,
       74,   66,   71,   79,   97,   88,  113,  103,
       23,   90,   57,   85,   68,   75,  102,   83,
       47,    0,   48,   32,   50,   63,   72,   70,
       27,   12,    4,    6,   11,   10,   -3,    2,
       -5,  -10,    0,   -1,   27,    7,   11,   13,
### KING MG PST
     -131,  200,  200,  136,  -92,  -40,  100,   -4,
      198,  121,   71,  148,   74,   49,   13, -145,
       77,  105,  135,   62,   81,  130,  161,  -28,
        6,   19,   39,  -20,  -15,  -21,  -13, -120,
      -82,   49,  -33,  -69,  -91,  -66,  -72, -112,
      -18,   -7,  -17,  -48,  -49,  -50,  -18,  -55,
       -3,   13,  -16,  -60,  -41,  -26,   15,   12,
      -29,   19,    4,  -67,    4,  -31,   14,   -1,
### KING EG PST
      -81,  -73,  -58,  -42,    6,   24,  -19,  -29,
      -56,   -3,    8,   -3,   11,   38,   26,   30,
      -11,    9,    8,   13,    9,   35,   25,   11,
      -19,   24,   26,   42,   37,   45,   36,   17,
      -12,   -8,   36,   47,   53,   41,   26,    2,
      -24,    2,   24,   39,   41,   31,   11,   -7,
      -38,  -11,   16,   29,   28,   16,   -8,  -34,
      -71,  -52,  -23,    3,  -22,   -7,  -43,  -71,

## PAWN STRUCTURE
PASSED_MG indices 1-6: 8 4 0 8 10 52 
PASSED_EG indices 1-6: 5 11 32 59 129 129 
ISOLATED MG=14  EG=7
DOUBLED  MG=0  EG=13

## KING SAFETY
SHIELD_RANK2=39  SHIELD_RANK3=11
OPEN_FILE=80  HALF_OPEN_FILE=26
ATTACKER_WEIGHTS  N=57 B=54 R=54 Q=61
HANGING_PENALTY=15
KING_SAFETY_SCALE=89

## MOBILITY (MG then EG)
MG  N=7 B=8 R=7 Q=2
EG  N=1 B=3 R=2 Q=6

## MISC TERMS
TEMPO=12
BISHOP_PAIR  MG=29  EG=52
ROOK_ON_7TH  MG=0  EG=32
ROOK_OPEN_FILE  MG=50  EG=0
ROOK_SEMI_OPEN  MG=18  EG=19
KNIGHT_OUTPOST  MG=40  EG=30
CONNECTED_PAWN  MG=9  EG=4
BACKWARD_PAWN  MG=0  EG=0
ROOK_BEHIND_PASSER  MG=12  EG=4
