# Tuned parameters — copy values manually into engine-core source files
# Generated by engine-tuner Texel tuning pipeline
# Final K = 1.145488

## MATERIAL (MG, EG)
Pawn     MG=100  EG=130
Knight   MG=450  EG=363
Bishop   MG=451  EG=377
Rook     MG=600  EG=641
Queen    MG=1200  EG=1100
King     MG=0  EG=0

## PST TABLES
### PAWN MG PST
        0,    0,    0,    0,    0,    0,    0,    0,
       12,   55,  -21,   14,   -3,   -1,  -84, -152,
       -5,  -17,   19,   -4,   68,   97,   20,  -18,
      -27,   -1,   16,   29,   34,   33,   -2,  -25,
      -37,  -40,    5,    9,   18,    6,  -34,  -48,
      -42,  -40,    0,  -16,    2,  -20,  -26,  -42,
      -53,  -35,  -20,  -11,  -13,   -1,  -15,  -56,
        0,    0,    0,    0,    0,    0,    0,    0,
### PAWN EG PST
        0,    0,    0,    0,    0,    0,    0,    0,
      137,  109,   84,   43,   54,   46,  105,  156,
       34,   24,  -15,  -64,  -86,  -54,  -17,    5,
       -6,  -30,  -44,  -78,  -56,  -50,  -34,  -26,
      -28,  -39,  -54,  -65,  -59,  -56,  -56,  -41,
      -43,  -52,  -58,  -55,  -52,  -50,  -75,  -56,
      -31,  -53,  -42,  -56,  -40,  -49,  -70,  -57,
        0,    0,    0,    0,    0,    0,    0,    0,
### KNIGHT MG PST
     -141,  -89,  -59,  -67,   63, -125,  -48, -108,
      -90,  -41,   61,    9,  -42,   43,  -14,  -54,
      -75,   30,   -1,    4,   45,   65,   28,   -3,
      -14,   -7,   -8,   23,  -13,   21,  -18,  -11,
       -3,   14,    0,    7,   -5,  -11,   -9,  -19,
       13,   35,   51,   57,   80,   67,   77,   25,
       15,   -4,   44,   75,   73,   68,   60,   53,
      -86,   30,    0,   28,   63,   30,   31,   40,
### KNIGHT EG PST
        3,    1,   22,    3,  -15,   -9,  -43,  -63,
       22,   37,  -18,   20,    9,  -26,    6,  -10,
      -22,  -36,  -26,  -31,  -58,  -59,  -52,  -53,
       -7,   -6,   -2,   -8,   -8,  -26,   -8,  -19,
      -10,  -23,  -11,    2,   -7,   -8,   -2,  -12,
       15,    9,  -13,    9,   -1,  -22,  -21,   15,
       16,   18,    7,    1,    7,   -5,   18,  -13,
       48,   -3,   16,   33,   17,   15,  -11,  -26,
### BISHOP MG PST
       26,  -16, -115, -106,  -41,  -60,  -29,   31,
      -17,   64,   -4,  -52,   42,    9,   46,  -94,
       -1,   63,   56,   37,   14,   49,    1,  -21,
       33,   55,   48,   84,   58,   35,   32,    8,
       51,   53,   51,   79,   91,   21,   54,   38,
       50,   80,   80,   73,   69,  118,   74,   61,
       71,   90,   79,   79,  101,   99,  121,   62,
       13,   62,   61,   67,   77,   66,    9,   40,
### BISHOP EG PST
       43,   45,   68,   66,   65,   58,   58,   31,
       66,   36,   58,   51,   37,   53,   30,   65,
       67,   42,   33,   30,   29,   25,   54,   68,
       55,   45,   39,   22,   25,   36,   36,   63,
       49,   37,   46,   35,   13,   45,   33,   56,
       53,   48,   46,   43,   54,   20,   51,   55,
       52,   33,   38,   43,   37,   41,   37,   34,
       60,   63,   63,   59,   58,   69,   68,   55,
### ROOK MG PST
      -15,    9,  -30,   26,   17,  -41,  -26,  -39,
        1,   16,   50,   65,   73,   64,  -20,   -1,
      -10,   14,    4,   21,  -32,    4,   79,  -36,
      -12,  -11,   31,   48,   22,   38,  -31,  -30,
      -18,   -4,   11,   19,   38,   -2,   16,   -7,
      -21,    7,   21,   12,   30,   39,   18,    1,
      -11,   14,   21,   40,   51,   62,   35,  -35,
       31,   39,   54,   60,   67,   68,   12,   41,
### ROOK EG PST
       85,   72,   76,   58,   64,   91,   89,   91,
       34,   28,   14,    4,   -7,   14,   42,   38,
       88,   84,   80,   77,   81,   77,   63,   85,
       89,   85,   84,   64,   73,   74,   87,   95,
       85,   84,   80,   65,   59,   72,   62,   74,
       74,   68,   54,   60,   48,   46,   58,   55,
       65,   58,   58,   56,   42,   36,   41,   64,
       54,   49,   46,   37,   33,   32,   51,   30,
### QUEEN MG PST
       22,  -29,  -24,  -23,  136,  130,  121,  100,
      -10,  -51,  -10,    1,  -61,   72,   28,   92,
        7,    0,    1,  -24,    3,   95,   33,   52,
      -12,   -5,  -30,  -38,  -14,   -9,    3,  -16,
       32,  -32,    7,  -15,    0,   -4,  -13,    3,
       13,   54,   30,   35,   24,   22,   39,   33,
       30,   43,   66,   76,   90,   98,   65,   80,
       57,   66,   80,   92,   79,   65,   51,   -3,
### QUEEN EG PST
       80,  137,  137,  125,   67,   79,   71,  124,
       84,  107,  111,  134,  176,   92,   92,   99,
       83,  106,   75,  146,  122,  109,  118,  120,
      127,  113,  109,  106,  124,  120,  167,  162,
       73,  139,  102,  117,   91,  112,  156,  144,
       92,   43,   86,   59,   92,  108,  125,  123,
       64,   50,   43,   36,   47,   46,   34,   29,
       38,   16,   21,   24,   60,   44,   46,   33,
### KING MG PST
     -138,  200,  200,  154,  -71,  -21,  105,    0,
      200,  147,  104,  183,   96,   63,   41, -151,
       79,  133,  174,   94,  125,  178,  193,  -20,
        9,   54,   78,    7,   14,   -2,   19, -132,
      -95,   84,   13,  -31,  -49,  -36,  -47, -132,
      -28,   25,   31,   14,    8,   -2,   15,  -53,
        8,   45,   18,  -13,   11,   21,   58,   38,
      -42,  -58,  -46,  -49,   36,   -8,  -51,  -59,
### KING EG PST
     -100,  -72,  -55,  -37,   12,   33,   -9,  -32,
      -56,    7,   24,   15,   29,   59,   44,   37,
       -2,   20,   25,   25,   20,   55,   45,   16,
      -22,   36,   40,   58,   53,   62,   49,   19,
      -12,   -3,   48,   63,   66,   55,   30,    5,
      -24,    7,   31,   46,   51,   39,   14,  -10,
      -50,  -11,   23,   38,   35,   20,  -12,  -47,
      -91,  -56,  -15,    9,  -22,   -6,  -51,  -90,

## PAWN STRUCTURE
PASSED_MG indices 1-6: 56 45 6 55 61 119 
PASSED_EG indices 1-6: 47 58 87 114 194 198 
ISOLATED MG=28  EG=17
DOUBLED  MG=6  EG=40

## KING SAFETY
SHIELD_RANK2=53  SHIELD_RANK3=53
OPEN_FILE=80  HALF_OPEN_FILE=46
ATTACKER_WEIGHTS  N=11 B=9 R=11 Q=11

## MOBILITY (MG then EG)
MG  N=15 B=11 R=9 Q=7
EG  N=15 B=13 R=8 Q=15

## MISC TERMS
TEMPO=30
BISHOP_PAIR  MG=60  EG=80
ROOK_ON_7TH  MG=6  EG=50
ROOK_OPEN_FILE  MG=50  EG=6
ROOK_SEMI_OPEN  MG=30  EG=30
KNIGHT_OUTPOST  MG=40  EG=30
CONNECTED_PAWN  MG=21  EG=17
BACKWARD_PAWN  MG=6  EG=6
ROOK_BEHIND_PASSER  MG=40  EG=44
